dataset.id melody.id note.id melody.name vertint12 articulation comma voice ornament dyn phrase bioi deltast accidental mpitch cpitch barlength pulses tempo mode keysig dur onset cpitch.order.ltm.cpitch cpitch.order.stm.cpitch cpitch.weight.ltm cpitch.weight.stm cpitch.weight.ltm.cpitch cpitch.weight.stm.cpitch cpitch.probability cpitch.ic cpitch.entropy cpitch.58 cpitch.60 cpitch.61 cpitch.62 cpitch.63 cpitch.64 cpitch.65 cpitch.66 cpitch.67 cpitch.69 cpitch.70 cpitch.71 cpitch.72 cpitch.73 cpitch.74 cpitch.76 cpitch.84 probability ic entropy information.gain
1002 1 1 "schell96-1_with_probe" NA NA NA 1 NA NA 1 60 60 0 36 62 72 6 NA 0 2 6 60 0 0 0.5 0.5 1.0 1.0 0.05882352 4.0874634 4.0874624 0.05882352 0.05882352 0.05882352 0.05882352 0.05882352 0.05882352 0.05882352 0.05882352 0.05882352 0.05882352 0.05882352 0.05882352 0.05882352 0.05882352 0.05882352 0.05882352 0.05882352 0.05882352 4.0874634 4.0874624 NA
1002 1 2 "schell96-1_with_probe" NA NA NA 1 NA NA 0 6 0 0 37 64 72 6 NA 0 2 6 66 0 0 0.23835647 0.7616435 1.0 1.0 0.046393137 4.429945 3.7924309 0.046393137 0.046393137 0.046393137 0.25770962 0.046393137 0.046393137 0.046393137 0.046393137 0.046393137 0.046393137 0.046393137 0.046393137 0.046393137 0.046393137 0.046393137 0.046393137 0.046393137 0.046393137 4.429945 3.7924309 0.19696607
1002 1 3 "schell96-1_with_probe" NA NA NA 1 NA NA 0 6 0 1 38 66 72 6 NA 0 2 24 72 0 0 0.27973604 0.7202639 1.0 0.99999994 0.04432982 4.495579 3.8529336 0.04432982 0.04432982 0.04432982 0.1675262 0.04432982 0.1675262 0.04432982 0.04432982 0.04432982 0.04432982 0.04432982 0.04432982 0.04432982 0.04432982 0.04432982 0.04432982 0.04432982 0.04432982 4.495579 3.8529336 0.11986588
1002 1 4 "schell96-1_with_probe" NA NA NA 1 NA NA 0 24 0 1 38 66 72 6 NA 0 2 12 96 0 0 0.3266956 0.6733044 1.0 1.0 0.126526 2.982494 3.9215257 0.044315845 0.044315845 0.044315845 0.126526 0.044315845 0.126526 0.044315845 0.126526 0.044315845 0.044315845 0.044315845 0.044315845 0.044315845 0.044315845 0.044315845 0.044315845 0.044315845 0.126526 2.982494 3.9215257 0.06888766
1002 1 5 "schell96-1_with_probe" NA NA NA 1 NA NA 0 12 0 0 37 64 72 6 NA 0 2 24 108 0 1 0.072574 0.927426 1.0 1.0 0.1218834 3.0364263 3.0231466 0.023134861 0.023134861 0.023134861 0.1218834 0.023134861 0.1218834 0.023134861 0.43234536 0.023134861 0.023134861 0.023134861 0.023134861 0.023134861 0.023134861 0.023134861 0.023134861 0.023134861 0.1218834 3.0364263 3.0231466 0.37115213
1002 1 6 "schell96-1_with_probe" NA NA NA 1 NA NA 0 24 0 0 37 64 72 6 NA 0 2 12 132 0 1 0.03402699 0.965973 1.0 0.99999994 0.21646501 2.2077942 2.6207035 0.014867577 0.014867577 0.014867577 0.11749892 0.014867577 0.21646501 0.014867577 0.45788988 0.014867577 0.014867577 0.014867577 0.014867577 0.014867577 0.014867577 0.014867577 0.014867577 0.014867577 0.21646501 2.2077942 2.6207035 0.07624792
1002 1 7 "schell96-1_with_probe" NA NA NA 1 NA NA 0 12 0 0 36 62 72 6 NA 0 2 60 144 0 1 0.034672447 0.9653276 1.0 1.0 0.111983374 3.1586437 2.6237473 0.014189262 0.014189262 0.014189262 0.111983374 0.014189262 0.39049217 0.014189262 0.29887488 0.014189262 0.014189262 0.014189262 0.014189262 0.014189262 0.014189262 0.014189262 0.014189262 0.014189262 0.111983374 3.1586437 2.6237473 0.11973918
1002 1 8 "schell96-1_with_probe" NA NA NA 1 NA NA 0 60 0 0 40 69 72 6 NA 0 2 12 204 0 1 0.007910663 0.99208933 1.0 1.0 0.006453018 7.27581 2.066958 0.006453018 0.006453018 0.006453018 0.19468251 0.006453018 0.5202925 0.006453018 0.19468251 0.006453018 0.006453018 0.006453018 0.006453018 0.006453018 0.006453018 0.006453018 0.006453018 0.006453018 0.006453018 7.27581 2.066958 0.1596254
1002 1 9 "schell96-1_with_probe" NA NA NA 1 NA NA 0 12 0 0 43 74 72 6 NA 0 2 24 216 0 0 0.085124195 0.9148758 1.0 1.0 0.016546419 5.917337 3.062432 0.016546419 0.016546419 0.016546419 0.19709766 0.016546419 0.27980408 0.016546419 0.19709766 0.016546419 0.11089684 0.016546419 0.016546419 0.016546419 0.016546419 0.016546419 0.016546419 0.016546419 0.016546419 5.917337 3.062432 0.3182485
1002 1 10 "schell96-1_with_probe" NA NA NA 1 NA NA 0 24 0 0 43 74 72 6 NA 0 2 12 240 0 0 0.17200306 0.82799697 1.0 1.0 0.095267385 3.3918738 3.4978356 0.023822729 0.023822729 0.023822729 0.15588258 0.023822729 0.21182734 0.023822729 0.15588258 0.023822729 0.095267385 0.023822729 0.023822729 0.023822729 0.023822729 0.095267385 0.023822729 0.023822729 0.095267385 3.3918738 3.4978356 0.123877004
1002 1 11 "schell96-1_with_probe" NA NA NA 1 NA NA 0 12 0 1 42 73 72 6 NA 0 2 24 252 0 1 0.050508387 0.9494917 1.0 1.0 0.010082419 6.6320143 2.7850218 0.010082419 0.010082419 0.010082419 0.12353892 0.010082419 0.17744517 0.010082419 0.12353892 0.010082419 0.06830117 0.010082419 0.010082419 0.010082419 0.010082419 0.3861869 0.010082419 0.010082419 0.010082419 6.6320143 2.7850218 0.36671183
1002 1 12 "schell96-1_with_probe" NA NA NA 1 NA NA 0 24 0 0 41 71 72 6 NA 0 2 12 276 0 0 0.20177583 0.79822415 1.0 1.0 0.023091622 5.4364867 3.586097 0.023091622 0.023091622 0.023091622 0.13339938 0.023091622 0.17890845 0.023091622 0.13339938 0.023091622 0.08344285 0.023091622 0.023091622 0.023091622 0.08344285 0.13339938 0.023091622 0.023091622 0.023091622 5.4364867 3.586097 0.37969726
1002 1 13 "schell96-1_with_probe" NA NA NA 1 NA NA 0 12 0 0 40 69 72 6 NA 0 2 60 288 0 0 0.2785516 0.7214484 1.0 1.0 0.07556822 3.7260764 3.7974727 0.02912093 0.02912093 0.02912093 0.11237774 0.02912093 0.14495282 0.02912093 0.11237774 0.02912093 0.07556822 0.02912093 0.07556822 0.02912093 0.07556822 0.11237774 0.02912093 0.02912093 0.07556822 3.7260764 3.7974727 0.06041591
1002 1 14 "schell96-1_with_probe" NA NA NA 1 NA NA 0 60 0 0 40 69 72 6 NA 0 2 6 348 0 1 0.10951836 0.8904816 1.0 1.0 0.09444293 3.4044135 3.2198334 0.014295431 0.014295431 0.014295431 0.09444293 0.014295431 0.13067372 0.014295431 0.09444293 0.014295431 0.09444293 0.014295431 0.0563554 0.014295431 0.0563554 0.33033234 0.014295431 0.014295431 0.09444293 3.4044135 3.2198334 0.24183886
1002 1 15 "schell96-1_with_probe" NA NA NA 1 NA NA 0 6 0 0 40 69 72 6 NA 0 2 6 354 0 1 0.120323084 0.87967694 1.0 0.99999994 0.24506165 2.0287833 3.254724 0.013642172 0.013642172 0.013642172 0.08808594 0.013642172 0.1213988 0.013642172 0.08808594 0.013642172 0.24506165 0.013642172 0.052892413 0.013642172 0.052892413 0.21516126 0.013642172 0.013642172 0.24506165 2.0287833 3.254724 0.1272193
1002 1 16 "schell96-1_with_probe" NA NA NA 1 NA NA 0 6 0 0 43 74 72 6 NA 0 2 24 360 0 2 0.021199405 0.97880065 1.0 1.0 0.18146884 2.4622061 2.417451 0.006431285 0.006431285 0.006431285 0.051238414 0.006431285 0.07321515 0.006431285 0.051238414 0.006431285 0.52042943 0.006431285 0.029048383 0.006431285 0.029048383 0.18146884 0.006431285 0.006431285 0.18146884 2.4622061 2.417451 0.25233206
1002 1 17 "schell96-1_with_probe" NA NA NA 1 NA NA 0 24 0 0 40 69 72 6 NA 0 2 12 384 0 2 0.056941517 0.94305855 1.0 1.0 0.090245344 3.4700038 2.8519027 0.008663507 0.008663507 0.008663507 0.06398523 0.008663507 0.090245344 0.008663507 0.06398523 0.008663507 0.090245344 0.008663507 0.037034478 0.008663507 0.15831383 0.40955544 0.008663507 0.008663507 0.090245344 3.4700038 2.8519027 0.9386065
1002 1 18 "schell96-1_with_probe" NA NA NA 1 NA NA 0 12 0 0 40 69 72 6 NA 0 2 24 396 0 1 0.010421034 0.98957896 1.0 1.0 0.41534445 1.2676198 2.1557739 0.0042050807 0.0042050807 0.0042050807 0.034276552 0.0042050807 0.049171034 0.0042050807 0.034276552 0.0042050807 0.41534445 0.0042050807 0.019311205 0.0042050807 0.019311205 0.38625836 0.0042050807 0.0042050807 0.41534445 1.2676198 2.1557739 0.63581014
1002 1 19 "schell96-1_with_probe" NA NA NA 1 NA NA 0 24 0 0 39 67 72 6 NA 0 2 12 420 0 2 0.109596655 0.89040333 1.0 1.0 0.012917572 6.2745214 3.2010553 0.012917572 0.012917572 0.012917572 0.08532592 0.012917572 0.118055835 0.012917572 0.08532592 0.012917572 0.26957992 0.012917572 0.05091746 0.012917572 0.05091746 0.21070161 0.012917572 0.012917572 0.012917572 6.2745214 3.2010553 0.32229826
1002 1 20 "schell96-1_with_probe" NA NA NA 1 NA NA 0 12 0 0 49 84 72 6 NA 0 2 24 432 0 0 0.27373737 0.72626257 1.0 1.0 0.026377393 5.244554 3.7827435 0.026377393 0.026377393 0.026377393 0.09691121 0.026377393 0.1248056 0.026377393 0.09691121 0.06551914 0.1505069 0.026377393 0.06551914 0.026377393 0.06551914 0.09691121 0.026377393 0.026377393 0.026377393 5.244554 3.7827435 0.2349087
1002 2 1 "schell96-2_with_probe" NA NA NA 1 NA NA 1 72 72 0 38 65 96 4 NA 9 -5 12 72 0 0 0.5 0.5 1.0 1.0 0.05882352 4.0874634 4.0874624 0.05882352 0.05882352 0.05882352 0.05882352 0.05882352 0.05882352 0.05882352 0.05882352 0.05882352 0.05882352 0.05882352 0.05882352 0.05882352 0.05882352 0.05882352 0.05882352 0.05882352 0.05882352 4.0874634 4.0874624 NA
1002 2 2 "schell96-2_with_probe" NA NA NA 1 NA NA 0 12 0 -1 37 63 96 4 NA 9 -5 12 84 0 0 0.23835647 0.7616435 1.0 1.0 0.046393145 4.4299445 3.792431 0.046393145 0.046393145 0.046393145 0.046393145 0.046393145 0.046393145 0.25770965 0.046393145 0.046393145 0.046393145 0.046393145 0.046393145 0.046393145 0.046393145 0.046393145 0.046393145 0.046393145 0.046393145 4.4299445 3.792431 0.19696563
1002 2 3 "schell96-2_with_probe" NA NA NA 1 NA NA 0 12 0 -1 36 61 96 4 NA 9 -5 24 96 0 0 0.27973604 0.7202639 1.0 0.99999994 0.04432982 4.495579 3.852934 0.04432982 0.04432982 0.04432982 0.04432982 0.1675262 0.04432982 0.1675262 0.04432982 0.04432982 0.04432982 0.04432982 0.04432982 0.04432982 0.04432982 0.04432982 0.04432982 0.04432982 0.04432982 4.495579 3.852934 0.11986629
1002 2 4 "schell96-2_with_probe" NA NA NA 1 NA NA 0 24 0 -1 34 58 96 4 NA 9 -5 24 120 0 0 0.32669538 0.67330456 1.0 1.0 0.04431584 4.4960337 3.921526 0.04431584 0.04431584 0.12652601 0.04431584 0.12652601 0.04431584 0.12652601 0.04431584 0.04431584 0.04431584 0.04431584 0.04431584 0.04431584 0.04431584 0.04431584 0.04431584 0.04431584 0.04431584 4.4960337 3.921526 0.06888798
1002 2 5 "schell96-2_with_probe" NA NA NA 1 NA NA 0 24 0 -1 34 58 96 4 NA 9 -5 24 144 0 0 0.3662503 0.6337497 1.0 1.0 0.10440214 3.2597766 3.970644 0.10440214 0.044799346 0.10440214 0.044799346 0.10440214 0.044799346 0.10440214 0.044799346 0.044799346 0.044799346 0.044799346 0.044799346 0.044799346 0.044799346 0.044799346 0.044799346 0.044799346 0.10440214 3.2597766 3.970644 0.041445624
1002 2 6 "schell96-2_with_probe" NA NA NA 1 NA NA 0 24 0 0 38 65 96 4 NA 9 -5 12 168 0 1 0.11190641 0.8880936 1.0 1.0 0.09783447 3.3535135 3.2810307 0.37205383 0.025726343 0.09783447 0.025726343 0.09783447 0.025726343 0.09783447 0.025726343 0.025726343 0.025726343 0.025726343 0.025726343 0.025726343 0.025726343 0.025726343 0.025726343 0.025726343 0.09783447 3.3535135 3.2810307 0.30400002
1002 2 7 "schell96-2_with_probe" NA NA NA 1 NA NA 0 12 0 -1 37 63 96 4 NA 9 -5 12 180 0 1 0.085975654 0.9140243 1.0 1.0 0.3470872 1.5266299 3.0879664 0.15865618 0.018767938 0.091617055 0.018767938 0.3470872 0.018767938 0.15865618 0.018767938 0.018767938 0.018767938 0.018767938 0.018767938 0.018767938 0.018767938 0.018767938 0.018767938 0.018767938 0.3470872 1.5266299 3.0879664 0.3719407
1002 2 8 "schell96-2_with_probe" NA NA NA 1 NA NA 0 12 0 -1 36 61 96 4 NA 9 -5 24 192 0 1 0.085975654 0.9140243 1.0 1.0 0.3470872 1.5266299 3.0879664 0.15865618 0.018767938 0.3470872 0.018767938 0.091617055 0.018767938 0.15865618 0.018767938 0.018767938 0.018767938 0.018767938 0.018767938 0.018767938 0.018767938 0.018767938 0.018767938 0.018767938 0.3470872 1.5266299 3.0879664 0.490914
1002 2 9 "schell96-2_with_probe" NA NA NA 1 NA NA 0 24 0 0 35 60 96 4 NA 9 -5 12 216 0 1 0.07400567 0.9259943 1.0 1.0 0.019020345 5.716313 3.0162175 0.39779326 0.019020345 0.09479723 0.019020345 0.09479723 0.019020345 0.16534816 0.019020345 0.019020345 0.019020345 0.019020345 0.019020345 0.019020345 0.019020345 0.019020345 0.019020345 0.019020345 0.019020345 5.716313 3.0162175 0.4208143
1002 2 10 "schell96-2_with_probe" NA NA NA 1 NA NA 0 12 0 0 35 60 96 4 NA 9 -5 12 228 0 0 0.27012697 0.72987306 1.0 0.99999994 0.09802718 3.3506744 3.7965593 0.14838362 0.09802718 0.09802718 0.034095917 0.09802718 0.034095917 0.14838362 0.034095917 0.034095917 0.034095917 0.034095917 0.034095917 0.034095917 0.034095917 0.034095917 0.034095917 0.034095917 0.09802718 3.3506744 3.7965593 0.34540468
1002 2 11 "schell96-2_with_probe" NA NA NA 1 NA NA 0 12 0 -1 34 58 96 4 NA 9 -5 24 240 0 1 0.08439404 0.91560596 1.0 1.0 0.13491048 2.8899257 3.0797243 0.13491048 0.37083393 0.0782645 0.01690131 0.0782645 0.01690131 0.13491048 0.01690131 0.01690131 0.01690131 0.01690131 0.01690131 0.01690131 0.01690131 0.01690131 0.01690131 0.01690131 0.13491048 2.8899257 3.0797243 0.33052367
1002 2 12 "schell96-2_with_probe" NA NA NA 1 NA NA 0 24 0 0 38 65 96 4 NA 9 -5 24 264 0 1 0.088512346 0.9114877 1.0 0.99999994 0.24304307 2.0407162 3.0914369 0.2911437 0.12656134 0.07360102 0.01600418 0.07360102 0.01600418 0.24304307 0.01600418 0.01600418 0.01600418 0.01600418 0.01600418 0.01600418 0.01600418 0.01600418 0.01600418 0.01600418 0.24304307 2.0407162 3.0914369 0.3406908
1002 2 13 "schell96-2_with_probe" NA NA NA 1 NA NA 0 24 0 -1 41 70 96 4 NA 9 -5 24 288 0 1 0.005800775 0.9941992 1.0 1.0 0.0067495033 7.211003 1.9782729 0.093057506 0.06439219 0.035649497 0.0067495033 0.6615143 0.0067495033 0.06439219 0.0067495033 0.0067495033 0.0067495033 0.0067495033 0.0067495033 0.0067495033 0.0067495033 0.0067495033 0.0067495033 0.0067495033 0.0067495033 7.211003 1.9782729 1.1512282
1002 2 14 "schell96-2_with_probe" NA NA NA 1 NA NA 0 24 0 -1 41 70 96 4 NA 9 -5 24 312 0 0 0.25269613 0.7473039 1.0 1.0 0.0838548 3.5759628 3.7471921 0.16630682 0.12739466 0.0838548 0.029758163 0.0838548 0.029758163 0.12739466 0.029758163 0.029758163 0.029758163 0.0838548 0.029758163 0.029758163 0.029758163 0.029758163 0.029758163 0.029758163 0.0838548 3.5759628 3.7471921 1.5390244
1002 2 15 "schell96-2_with_probe" NA NA NA 1 NA NA 0 24 0 -1 41 70 96 4 NA 9 -5 24 336 0 1 0.090692066 0.9093079 1.0 0.99999994 0.34969366 1.5158365 3.1102772 0.14990237 0.10729791 0.06287384 0.014550939 0.06287384 0.014550939 0.10729791 0.014550939 0.014550939 0.014550939 0.34969366 0.014550939 0.014550939 0.014550939 0.014550939 0.014550939 0.014550939 0.34969366 1.5158365 3.1102772 0.32281584
1002 2 16 "schell96-2_with_probe" NA NA NA 1 NA NA 0 24 0 0 42 72 96 4 NA 9 -5 12 360 0 1 0.0063625 0.99363756 1.0 1.0 0.00652 7.260912 2.006819 0.08338799 0.05786537 0.03226788 0.00652 0.03226788 0.00652 0.05786537 0.00652 0.00652 0.00652 0.66462564 0.00652 0.00652 0.00652 0.00652 0.00652 0.00652 0.00652 7.260912 2.006819 0.30042455
1002 2 17 "schell96-2_with_probe" NA NA NA 1 NA NA 0 12 0 0 49 84 96 4 NA 9 -5 12 372 0 0 0.2785516 0.7214484 1.0 1.0 0.029120926 5.1018 3.7974722 0.1449528 0.112377726 0.075568214 0.029120926 0.075568214 0.029120926 0.112377726 0.029120926 0.029120926 0.029120926 0.112377726 0.029120926 0.075568214 0.029120926 0.029120926 0.029120926 0.029120926 0.029120926 5.1018 3.7974722 1.2838348
1002 3 1 "schell96-3_with_probe" NA NA NA 1 NA NA 1 48 48 0 41 71 96 2 NA 0 1 24 48 0 0 0.5 0.5 1.0 1.0 0.05882352 4.0874634 4.0874624 0.05882352 0.05882352 0.05882352 0.05882352 0.05882352 0.05882352 0.05882352 0.05882352 0.05882352 0.05882352 0.05882352 0.05882352 0.05882352 0.05882352 0.05882352 0.05882352 0.05882352 0.05882352 4.0874634 4.0874624 NA
1002 3 2 "schell96-3_with_probe" NA NA NA 1 NA NA 0 24 0 0 40 69 96 2 NA 0 1 24 72 0 0 0.23835647 0.7616435 1.0 1.0 0.046393145 4.4299445 3.792431 0.046393145 0.046393145 0.046393145 0.046393145 0.046393145 0.046393145 0.046393145 0.046393145 0.046393145 0.046393145 0.046393145 0.25770965 0.046393145 0.046393145 0.046393145 0.046393145 0.046393145 0.046393145 4.4299445 3.792431 0.19696566
1002 3 3 "schell96-3_with_probe" NA NA NA 1 NA NA 0 24 0 0 39 67 96 2 NA 0 1 36 96 0 0 0.27973616 0.7202638 1.0 1.0 0.044329826 4.4955783 3.8529341 0.044329826 0.044329826 0.044329826 0.044329826 0.044329826 0.044329826 0.044329826 0.044329826 0.044329826 0.16752622 0.044329826 0.16752622 0.044329826 0.044329826 0.044329826 0.044329826 0.044329826 0.044329826 4.4955783 3.8529341 0.119865894
1002 3 4 "schell96-3_with_probe" NA NA NA 1 NA NA 0 36 0 0 39 67 96 2 NA 0 1 12 132 0 0 0.3266958 0.6733042 1.0 1.0 0.12652598 2.982494 3.9215262 0.044315856 0.044315856 0.044315856 0.044315856 0.044315856 0.044315856 0.044315856 0.044315856 0.12652598 0.12652598 0.044315856 0.12652598 0.044315856 0.044315856 0.044315856 0.044315856 0.044315856 0.12652598 2.982494 3.9215262 0.06888806
1002 3 5 "schell96-3_with_probe" NA NA NA 1 NA NA 0 12 0 0 39 67 96 2 NA 0 1 24 144 0 1 0.072573915 0.92742604 1.0 1.0 0.43234536 1.2097439 3.0231447 0.02313485 0.02313485 0.02313485 0.02313485 0.02313485 0.02313485 0.02313485 0.02313485 0.43234536 0.12188338 0.02313485 0.12188338 0.02313485 0.02313485 0.02313485 0.02313485 0.02313485 0.43234536 1.2097439 3.0231447 0.37115264
1002 3 6 "schell96-3_with_probe" NA NA NA 1 NA NA 0 24 0 0 37 64 96 2 NA 0 1 24 168 0 1 0.005169197 0.9948308 1.0 1.0 0.011681317 6.4196534 1.9467343 0.011681317 0.011681317 0.011681317 0.011681317 0.011681317 0.011681317 0.011681317 0.011681317 0.6975781 0.069441736 0.011681317 0.069441736 0.011681317 0.011681317 0.011681317 0.011681317 0.011681317 0.011681317 6.4196534 1.9467343 0.21876536
1002 3 7 "schell96-3_with_probe" NA NA NA 1 NA NA 0 24 0 0 37 64 96 2 NA 0 1 24 192 0 0 0.27693135 0.72306865 1.0 1.0 0.11239166 3.153393 3.823785 0.037880573 0.037880573 0.037880573 0.037880573 0.037880573 0.11239166 0.037880573 0.037880573 0.17037766 0.11239166 0.037880573 0.11239166 0.037880573 0.037880573 0.037880573 0.037880573 0.037880573 0.11239166 3.153393 3.823785 1.0262363
1002 3 8 "schell96-3_with_probe" NA NA NA 1 NA NA 0 24 0 0 36 62 96 2 NA 0 1 24 216 0 1 0.074005716 0.9259943 1.0 1.0 0.019020336 5.7163134 3.0162165 0.019020336 0.019020336 0.019020336 0.019020336 0.019020336 0.39779305 0.019020336 0.019020336 0.16534805 0.09479717 0.019020336 0.09479717 0.019020336 0.019020336 0.019020336 0.019020336 0.019020336 0.019020336 5.7163134 3.0162165 0.34708336
1002 3 9 "schell96-3_with_probe" NA NA NA 1 NA NA 0 24 0 0 36 62 96 2 NA 0 1 24 240 0 0 0.27012685 0.7298731 1.0 1.0 0.09802722 3.3506737 3.7965596 0.034095924 0.034095924 0.034095924 0.09802722 0.034095924 0.14838368 0.034095924 0.034095924 0.14838368 0.09802722 0.034095924 0.09802722 0.034095924 0.034095924 0.034095924 0.034095924 0.034095924 0.09802722 3.3506737 3.7965596 0.3454033
1002 3 10 "schell96-3_with_probe" NA NA NA 1 NA NA 0 36 12 0 43 74 96 2 NA 0 1 12 276 0 1 0.08439404 0.91560596 1.0 1.0 0.016901314 5.8867207 3.079725 0.016901314 0.016901314 0.016901314 0.37083402 0.016901314 0.1349105 0.016901314 0.016901314 0.1349105 0.078264505 0.016901314 0.078264505 0.016901314 0.016901314 0.016901314 0.016901314 0.016901314 0.016901314 5.8867207 3.079725 0.33052382
1002 3 11 "schell96-3_with_probe" NA NA NA 1 NA NA 0 12 0 0 43 74 96 2 NA 0 1 48 288 0 0 0.28100756 0.7189925 1.0 1.0 0.08661043 3.5293155 3.8094153 0.03196639 0.03196639 0.03196639 0.1295128 0.03196639 0.1295128 0.03196639 0.03196639 0.1295128 0.08661043 0.03196639 0.08661043 0.03196639 0.03196639 0.08661043 0.03196639 0.03196639 0.08661043 3.5293155 3.8094153 0.345043
1002 3 12 "schell96-3_with_probe" NA NA NA 1 NA NA 0 48 0 0 41 71 96 2 NA 0 1 24 336 0 1 0.09918426 0.9008157 1.0 1.0 0.06734629 3.8922577 3.1675353 0.015800487 0.015800487 0.015800487 0.11435816 0.015800487 0.11435816 0.015800487 0.015800487 0.11435816 0.06734629 0.015800487 0.06734629 0.015800487 0.015800487 0.34842762 0.015800487 0.015800487 0.06734629 3.8922577 3.1675353 0.31615308
1002 3 13 "schell96-3_with_probe" NA NA NA 1 NA NA 0 24 0 0 43 74 96 2 NA 0 1 24 360 0 1 0.085362375 0.9146376 1.0 0.99999994 0.11062109 3.1763017 3.0491407 0.0105921365 0.0105921365 0.0105921365 0.11062109 0.0105921365 0.11062109 0.0105921365 0.0105921365 0.11062109 0.3303811 0.0105921365 0.11062109 0.0105921365 0.0105921365 0.11062109 0.0105921365 0.0105921365 0.11062109 3.1763017 3.0491407 0.4907142
1002 3 14 "schell96-3_with_probe" NA NA NA 1 NA NA 0 24 0 0 44 76 96 2 NA 0 1 72 384 0 1 0.07997487 0.9200251 1.0 1.0 0.00999669 6.644334 3.0070882 0.00999669 0.00999669 0.00999669 0.10585519 0.00999669 0.10585519 0.00999669 0.00999669 0.10585519 0.059891846 0.00999669 0.23547593 0.00999669 0.00999669 0.27710304 0.00999669 0.00999669 0.00999669 6.644334 3.0070882 0.57764775
1002 3 15 "schell96-3_with_probe" NA NA NA 1 NA NA 0 96 24 0 43 74 96 2 NA 0 1 36 480 0 0 0.23462032 0.7653797 1.0 0.99999994 0.15409628 2.698096 3.6730428 0.023004284 0.023004284 0.023004284 0.116569445 0.023004284 0.116569445 0.023004284 0.023004284 0.116569445 0.07479162 0.023004284 0.116569445 0.023004284 0.023004284 0.15409628 0.07479162 0.023004284 0.15409628 2.698096 3.6730428 0.26086617
1002 3 16 "schell96-3_with_probe" NA NA NA 1 NA NA 0 36 0 0 41 71 96 2 NA 0 1 12 516 0 1 0.14555047 0.8544495 1.0 1.0 0.16812323 2.572409 3.3618412 0.014571842 0.014571842 0.014571842 0.08918823 0.014571842 0.08918823 0.014571842 0.014571842 0.08918823 0.054343417 0.014571842 0.16812323 0.014571842 0.014571842 0.22672604 0.1375241 0.014571842 0.16812323 2.572409 3.3618412 0.107916415
1002 3 17 "schell96-3_with_probe" NA NA NA 1 NA NA 0 12 0 0 49 84 96 2 NA 0 1 24 528 0 2 0.049795702 0.9502044 1.0 1.0 0.009118018 6.7770643 2.793682 0.009118018 0.009118018 0.009118018 0.068370126 0.009118018 0.068370126 0.009118018 0.009118018 0.068370126 0.1521089 0.009118018 0.068370126 0.009118018 0.009118018 0.44382158 0.03940883 0.009118018 0.009118018 6.7770643 2.793682 0.36697635
1002 4 1 "schell96-4_with_probe" NA NA NA 1 NA NA 1 48 48 0 40 69 72 3 NA 9 -1 24 48 0 0 0.5 0.5 1.0 1.0 0.05882352 4.0874634 4.0874624 0.05882352 0.05882352 0.05882352 0.05882352 0.05882352 0.05882352 0.05882352 0.05882352 0.05882352 0.05882352 0.05882352 0.05882352 0.05882352 0.05882352 0.05882352 0.05882352 0.05882352 0.05882352 4.0874634 4.0874624 NA
1002 4 2 "schell96-4_with_probe" NA NA NA 1 NA NA 0 24 0 0 38 65 72 3 NA 9 -1 24 72 0 0 0.23835647 0.7616435 1.0 1.0 0.046393145 4.4299445 3.792431 0.046393145 0.046393145 0.046393145 0.046393145 0.046393145 0.046393145 0.046393145 0.046393145 0.046393145 0.25770965 0.046393145 0.046393145 0.046393145 0.046393145 0.046393145 0.046393145 0.046393145 0.046393145 4.4299445 3.792431 0.19696563
1002 4 3 "schell96-4_with_probe" NA NA NA 1 NA NA 0 24 0 0 37 64 72 3 NA 9 -1 24 96 0 0 0.27973616 0.7202638 1.0 1.0 0.044329826 4.4955783 3.852934 0.044329826 0.044329826 0.044329826 0.044329826 0.044329826 0.044329826 0.16752622 0.044329826 0.044329826 0.16752622 0.044329826 0.044329826 0.044329826 0.044329826 0.044329826 0.044329826 0.044329826 0.044329826 4.4955783 3.852934 0.11986589
1002 4 4 "schell96-4_with_probe" NA NA NA 1 NA NA 0 24 0 0 36 62 72 3 NA 9 -1 24 120 0 0 0.3266956 0.6733044 1.0 1.0 0.044315845 4.496033 3.9215257 0.044315845 0.044315845 0.044315845 0.044315845 0.044315845 0.126526 0.126526 0.044315845 0.044315845 0.126526 0.044315845 0.044315845 0.044315845 0.044315845 0.044315845 0.044315845 0.044315845 0.044315845 4.496033 3.9215257 0.06888806
1002 4 5 "schell96-4_with_probe" NA NA NA 1 NA NA 0 24 0 0 40 69 72 3 NA 9 -1 48 144 0 0 0.36625043 0.6337496 1.0 1.0 0.10440213 3.259777 3.9706445 0.044799354 0.044799354 0.044799354 0.10440213 0.044799354 0.10440213 0.10440213 0.044799354 0.044799354 0.10440213 0.044799354 0.044799354 0.044799354 0.044799354 0.044799354 0.044799354 0.044799354 0.10440213 3.259777 3.9706445 0.041445825
1002 4 6 "schell96-4_with_probe" NA NA NA 1 NA NA 0 48 0 0 43 74 72 3 NA 9 -1 24 192 0 1 0.12531453 0.87468547 1.0 1.0 0.025346505 5.302069 3.3356855 0.025346505 0.025346505 0.025346505 0.09446557 0.025346505 0.09446557 0.32530802 0.025346505 0.025346505 0.15625636 0.025346505 0.025346505 0.025346505 0.025346505 0.025346505 0.025346505 0.025346505 0.025346505 5.302069 3.3356855 0.2767536
1002 4 7 "schell96-4_with_probe" NA NA NA 1 NA NA 0 24 0 0 40 69 72 3 NA 9 -1 36 216 0 0 0.33660665 0.6633934 1.0 1.0 0.13576066 2.8808627 3.9258432 0.04046752 0.04046752 0.04046752 0.09465727 0.04046752 0.09465727 0.09465727 0.04046752 0.04046752 0.13576066 0.04046752 0.04046752 0.04046752 0.04046752 0.09465727 0.04046752 0.04046752 0.13576066 2.8808627 3.9258432 0.35704285
1002 4 8 "schell96-4_with_probe" NA NA NA 1 NA NA 0 36 0 0 39 67 72 3 NA 9 -1 12 252 0 1 0.16649286 0.83350706 1.0 0.99999994 0.024934033 5.32574 3.4880288 0.024934033 0.024934033 0.024934033 0.072522804 0.024934033 0.072522804 0.20149013 0.024934033 0.024934033 0.15276559 0.024934033 0.024934033 0.024934033 0.024934033 0.20149013 0.024934033 0.024934033 0.024934033 5.32574 3.4880288 0.18256778
1002 4 9 "schell96-4_with_probe" NA NA NA 1 NA NA 0 12 0 0 38 65 72 3 NA 9 -1 24 264 0 0 0.34445378 0.6555462 1.0 1.0 0.08267221 3.5964537 3.9408355 0.040233195 0.040233195 0.040233195 0.08267221 0.040233195 0.08267221 0.08267221 0.040233195 0.08267221 0.14407392 0.040233195 0.040233195 0.040233195 0.040233195 0.08267221 0.040233195 0.040233195 0.08267221 3.5964537 3.9408355 0.27098423
1002 4 10 "schell96-4_with_probe" NA NA NA 1 NA NA 0 24 0 0 39 67 72 3 NA 9 -1 48 288 0 1 0.15504998 0.84494996 1.0 0.99999994 0.06727075 3.8938768 3.461857 0.023919554 0.023919554 0.023919554 0.06727075 0.023919554 0.28789625 0.10563593 0.023919554 0.06727075 0.14154032 0.023919554 0.023919554 0.023919554 0.023919554 0.06727075 0.023919554 0.023919554 0.06727075 3.8938768 3.461857 0.23141277
1002 4 11 "schell96-4_with_probe" NA NA NA 1 NA NA 0 48 0 0 40 69 72 3 NA 9 -1 24 336 0 1 0.114952154 0.88504785 1.0 1.0 0.14823633 2.754029 3.268943 0.019315535 0.019315535 0.019315535 0.06588077 0.019315535 0.06588077 0.33354208 0.019315535 0.1081083 0.14823633 0.019315535 0.019315535 0.019315535 0.019315535 0.06588077 0.019315535 0.019315535 0.14823633 2.754029 3.268943 0.46703255
1002 4 12 "schell96-4_with_probe" NA NA NA 1 NA NA 0 24 0 0 38 65 72 3 NA 9 -1 24 360 0 1 0.15091391 0.8490861 1.0 1.0 0.1805496 2.4695327 3.3962524 0.018642114 0.018642114 0.018642114 0.060491715 0.018642114 0.060491715 0.1805496 0.018642114 0.1805496 0.16456176 0.018642114 0.018642114 0.018642114 0.018642114 0.14829239 0.018642114 0.018642114 0.1805496 2.4695327 3.3962524 0.14299342
1002 4 13 "schell96-4_with_probe" NA NA NA 1 NA NA 0 24 0 0 37 64 72 3 NA 9 -1 24 384 0 2 0.06076329 0.93923676 1.0 1.0 0.38260934 1.386056 2.889122 0.011968559 0.011968559 0.011968559 0.04400669 0.011968559 0.38260934 0.07443702 0.011968559 0.19014908 0.1331369 0.011968559 0.011968559 0.011968559 0.011968559 0.04400669 0.011968559 0.011968559 0.38260934 1.386056 2.889122 0.5254124
1002 4 14 "schell96-4_with_probe" NA NA NA 1 NA NA 0 24 0 0 36 62 72 3 NA 9 -1 24 408 0 1 0.116001114 0.8839989 1.0 1.0 0.3081611 1.6982434 3.2608004 0.017906073 0.017906073 0.017906073 0.3081611 0.017906073 0.06098468 0.10001522 0.017906073 0.10001522 0.17287216 0.017906073 0.017906073 0.017906073 0.017906073 0.06098468 0.017906073 0.017906073 0.3081611 1.6982434 3.2608004 0.8872355
1002 4 15 "schell96-4_with_probe" NA NA NA 1 NA NA 0 24 0 0 36 62 72 3 NA 9 -1 24 432 0 1 0.090063415 0.90993655 1.0 1.0 0.06408585 3.9638503 3.1349933 0.018152054 0.018152054 0.018152054 0.06408585 0.018152054 0.06408585 0.10663784 0.018152054 0.10663784 0.394794 0.018152054 0.018152054 0.018152054 0.018152054 0.06408585 0.018152054 0.018152054 0.06408585 3.9638503 3.1349933 0.46110502
1002 4 16 "schell96-4_with_probe" NA NA NA 1 NA NA 0 24 0 0 38 65 72 3 NA 9 -1 24 456 0 1 0.09343607 0.90656394 1.0 1.0 0.10289282 3.2807858 3.116762 0.014037935 0.014037935 0.014037935 0.22180921 0.014037935 0.060389888 0.10289282 0.014037935 0.10289282 0.29720798 0.014037935 0.014037935 0.014037935 0.014037935 0.060389888 0.014037935 0.014037935 0.10289282 3.2807858 3.116762 0.14294855
1002 4 17 "schell96-4_with_probe" NA NA NA 1 NA NA 0 24 0 0 49 84 72 3 NA 9 -1 24 480 0 1 0.10514038 0.8948596 1.0 1.0 0.01254795 6.316405 3.160418 0.01254795 0.01254795 0.01254795 0.08963671 0.01254795 0.20216079 0.124564916 0.01254795 0.23427509 0.15836234 0.01254795 0.01254795 0.01254795 0.01254795 0.05297279 0.01254795 0.01254795 0.01254795 6.316405 3.160418 0.3405104
1002 5 1 "schell96-5_with_probe" NA NA NA 1 NA NA 1 48 48 0 43 74 72 3 NA 9 -2 24 48 0 0 0.5 0.5 1.0 1.0 0.05882352 4.0874634 4.0874624 0.05882352 0.05882352 0.05882352 0.05882352 0.05882352 0.05882352 0.05882352 0.05882352 0.05882352 0.05882352 0.05882352 0.05882352 0.05882352 0.05882352 0.05882352 0.05882352 0.05882352 0.05882352 4.0874634 4.0874624 NA
1002 5 2 "schell96-5_with_probe" NA NA NA 1 NA NA 0 24 0 0 42 72 72 3 NA 9 -2 12 72 0 0 0.23835647 0.7616435 1.0 1.0 0.046393145 4.4299445 3.792431 0.046393145 0.046393145 0.046393145 0.046393145 0.046393145 0.046393145 0.046393145 0.046393145 0.046393145 0.046393145 0.046393145 0.046393145 0.046393145 0.046393145 0.25770965 0.046393145 0.046393145 0.046393145 4.4299445 3.792431 0.19696566
1002 5 3 "schell96-5_with_probe" NA NA NA 1 NA NA 0 12 0 0 40 69 72 3 NA 9 -2 12 84 0 0 0.27973616 0.7202638 1.0 1.0 0.04432983 4.4955783 3.8529348 0.04432983 0.04432983 0.04432983 0.04432983 0.04432983 0.04432983 0.04432983 0.04432983 0.04432983 0.04432983 0.04432983 0.04432983 0.16752623 0.04432983 0.16752623 0.04432983 0.04432983 0.04432983 4.4955783 3.8529348 0.119865894
1002 5 4 "schell96-5_with_probe" NA NA NA 1 NA NA 0 12 0 -1 41 70 72 3 NA 9 -2 12 96 0 0 0.326696 0.67330396 1.0 1.0 0.044315856 4.496033 3.9215262 0.044315856 0.044315856 0.044315856 0.044315856 0.044315856 0.044315856 0.044315856 0.044315856 0.044315856 0.12652597 0.044315856 0.044315856 0.12652597 0.044315856 0.12652597 0.044315856 0.044315856 0.044315856 4.496033 3.9215262 0.06888825
1002 5 5 "schell96-5_with_probe" NA NA NA 1 NA NA 0 12 0 0 39 67 72 3 NA 9 -2 12 108 0 0 0.36625072 0.63374925 1.0 1.0 0.044799354 4.480378 3.970645 0.044799354 0.044799354 0.044799354 0.044799354 0.044799354 0.044799354 0.044799354 0.044799354 0.044799354 0.10440207 0.10440207 0.044799354 0.10440207 0.044799354 0.10440207 0.044799354 0.044799354 0.044799354 4.480378 3.970645 0.04144589
1002 5 6 "schell96-5_with_probe" NA NA NA 1 NA NA 0 12 0 0 40 69 72 3 NA 9 -2 12 120 0 0 0.39795998 0.60204005 1.0 1.0 0.09094936 3.4587927 4.0046844 0.045437764 0.045437764 0.045437764 0.045437764 0.045437764 0.045437764 0.045437764 0.045437764 0.09094936 0.09094936 0.09094936 0.045437764 0.09094936 0.045437764 0.09094936 0.045437764 0.045437764 0.09094936 3.4587927 4.0046844 0.026369562
1002 5 7 "schell96-5_with_probe" NA NA NA 1 NA NA 0 12 0 0 38 65 72 3 NA 9 -2 12 132 0 1 0.16428874 0.83571124 1.0 1.0 0.027926967 5.162197 3.5127957 0.027926967 0.027926967 0.027926967 0.027926967 0.027926967 0.027926967 0.027926967 0.027926967 0.081457675 0.12830228 0.29220107 0.027926967 0.081457675 0.027926967 0.081457675 0.027926967 0.027926967 0.027926967 5.162197 3.5127957 0.22798987
1002 5 8 "schell96-5_with_probe" NA NA NA 1 NA NA 0 12 0 0 36 62 72 3 NA 9 -2 12 144 0 0 0.38060716 0.6193928 1.0 1.0 0.04240189 4.5597277 3.9834564 0.04240189 0.04240189 0.04240189 0.04240189 0.04240189 0.04240189 0.08373573 0.04240189 0.08373573 0.114900604 0.08373573 0.04240189 0.08373573 0.04240189 0.08373573 0.04240189 0.04240189 0.04240189 4.5597277 3.9834564 0.30823052
1002 5 9 "schell96-5_with_probe" NA NA NA 1 NA NA 0 12 0 0 39 67 72 3 NA 9 -2 6 156 0 0 0.41330612 0.58669394 1.0 1.0 0.07651863 3.708045 4.018655 0.04396635 0.04396635 0.04396635 0.07651863 0.04396635 0.04396635 0.07651863 0.04396635 0.07651863 0.101224706 0.07651863 0.04396635 0.07651863 0.04396635 0.07651863 0.04396635 0.04396635 0.07651863 3.708045 4.018655 0.017171301
1002 5 10 "schell96-5_with_probe" NA NA NA 1 NA NA 0 6 0 0 38 65 72 3 NA 9 -2 6 162 0 1 0.19195187 0.8080481 1.0 1.0 0.06677137 3.9046264 3.6224718 0.028781405 0.028781405 0.028781405 0.06677137 0.028781405 0.028781405 0.06677137 0.028781405 0.09993135 0.27839768 0.06677137 0.028781405 0.06677137 0.028781405 0.06677137 0.028781405 0.028781405 0.06677137 3.9046264 3.6224718 0.16674513
1002 5 11 "schell96-5_with_probe" NA NA NA 1 NA NA 0 6 0 0 39 67 72 3 NA 9 -2 24 168 0 1 0.18366207 0.8163379 1.0 1.0 0.09779163 3.3541453 3.571412 0.024684306 0.024684306 0.024684306 0.26839375 0.024684306 0.024684306 0.09779163 0.024684306 0.09779163 0.09779163 0.06379607 0.024684306 0.06379607 0.024684306 0.06379607 0.024684306 0.024684306 0.09779163 3.3541453 3.571412 0.32949057
1002 5 12 "schell96-5_with_probe" NA NA NA 1 NA NA 0 36 12 -1 41 70 72 3 NA 9 -2 6 204 0 1 0.1781474 0.82185256 1.0 0.99999994 0.059929818 4.060582 3.5325828 0.02304009 0.02304009 0.02304009 0.059929818 0.02304009 0.02304009 0.20393664 0.02304009 0.12200652 0.20393664 0.059929818 0.02304009 0.059929818 0.02304009 0.059929818 0.02304009 0.02304009 0.059929818 4.060582 3.5325828 0.38375
1002 5 13 "schell96-5_with_probe" NA NA NA 1 NA NA 0 6 0 0 42 72 72 3 NA 9 -2 6 210 0 1 0.123670146 0.87632984 1.0 1.0 0.06001868 4.0584445 3.3203292 0.018847153 0.018847153 0.018847153 0.06001868 0.018847153 0.018847153 0.09719099 0.018847153 0.33989945 0.09719099 0.09719099 0.018847153 0.06001868 0.018847153 0.06001868 0.018847153 0.018847153 0.06001868 4.0584445 3.3203292 0.28034687
1002 5 14 "schell96-5_with_probe" NA NA NA 1 NA NA 0 6 0 0 43 74 72 3 NA 9 -2 12 216 0 1 0.10951826 0.89048177 1.0 1.0 0.0563554 4.1493025 3.2198336 0.01429543 0.01429543 0.01429543 0.0563554 0.01429543 0.01429543 0.09444293 0.01429543 0.13067375 0.3303324 0.09444293 0.01429543 0.09444293 0.01429543 0.0563554 0.01429543 0.01429543 0.0563554 4.1493025 3.2198336 0.35208097
1002 5 15 "schell96-5_with_probe" NA NA NA 1 NA NA 0 12 0 0 42 72 72 3 NA 9 -2 6 228 0 1 0.08610584 0.9138942 1.0 1.0 0.3464435 1.529308 3.0602531 0.0096162185 0.0096162185 0.0096162185 0.05320116 0.0096162185 0.0096162185 0.09316694 0.0096162185 0.13152538 0.09316694 0.09316694 0.0096162185 0.3464435 0.0096162185 0.09316694 0.0096162185 0.0096162185 0.3464435 1.529308 3.0602531 0.4741699
1002 5 16 "schell96-5_with_probe" NA NA NA 1 NA NA 0 6 0 -1 41 70 72 3 NA 9 -2 6 234 0 2 0.047225397 0.9527747 1.0 0.99999994 0.068612084 3.8653936 2.7509494 0.006429603 0.006429603 0.006429603 0.038256682 0.006429603 0.006429603 0.068612084 0.006429603 0.09829223 0.40824783 0.068612084 0.006429603 0.068612084 0.006429603 0.18507102 0.006429603 0.006429603 0.068612084 3.8653936 2.7509494 0.7371394
1002 5 17 "schell96-5_with_probe" NA NA NA 1 NA NA 0 6 0 0 42 72 72 3 NA 9 -2 24 240 0 1 0.097499035 0.9025009 1.0 1.0 0.22195233 2.1716783 3.1103265 0.0092065865 0.0092065865 0.0092065865 0.04986016 0.0092065865 0.0092065865 0.0867083 0.0092065865 0.2541142 0.0867083 0.121882565 0.0092065865 0.22195233 0.0092065865 0.0867083 0.0092065865 0.0092065865 0.22195233 2.1716783 3.1103265 0.7360832
1002 5 18 "schell96-5_with_probe" NA NA NA 1 NA NA 0 24 0 -1 41 70 72 3 NA 9 -2 12 264 0 2 0.06499048 0.93500954 1.0 1.0 0.16937336 2.561721 2.8962312 0.0067786947 0.0067786947 0.0067786947 0.039014656 0.0067786947 0.0067786947 0.069213495 0.0067786947 0.098491445 0.1413306 0.16937336 0.0067786947 0.069213495 0.0067786947 0.34557584 0.0067786947 0.0067786947 0.16937336 2.561721 2.8962312 0.5151664
1002 5 19 "schell96-5_with_probe" NA NA NA 1 NA NA 0 12 0 0 42 72 72 3 NA 9 -2 12 276 0 2 0.018822169 0.9811778 1.0 0.99999994 0.50490665 0.9859114 2.3659523 0.0043384153 0.0043384153 0.0043384153 0.027223479 0.0043384153 0.0043384153 0.04968208 0.0043384153 0.20349927 0.04968208 0.07194033 0.0043384153 0.50490665 0.0043384153 0.04968208 0.0043384153 0.0043384153 0.50490665 0.9859114 2.3659523 1.1848525
1002 5 20 "schell96-5_with_probe" NA NA NA 1 NA NA 0 12 0 0 43 74 72 3 NA 9 -2 12 288 0 3 0.02444062 0.9755594 1.0 1.0 0.20196462 2.3078256 2.4623077 0.004065962 0.004065962 0.004065962 0.025246935 0.004065962 0.004065962 0.04591651 0.004065962 0.06634694 0.113465674 0.4604831 0.004065962 0.04591651 0.004065962 0.20196462 0.004065962 0.004065962 0.20196462 2.3078256 2.4623077 1.7357572
1002 5 21 "schell96-5_with_probe" NA NA NA 1 NA NA 0 12 0 0 38 65 72 3 NA 9 -2 12 300 0 1 0.0055767233 0.99442333 1.0 1.0 0.045809995 4.4481936 1.965917 0.0038707687 0.0038707687 0.0038707687 0.024898728 0.0038707687 0.0038707687 0.045809995 0.0038707687 0.06666583 0.045809995 0.06666583 0.0038707687 0.665632 0.0038707687 0.045809995 0.0038707687 0.0038707687 0.045809995 4.4481936 1.965917 1.6905946
1002 5 22 "schell96-5_with_probe" NA NA NA 1 NA NA 0 12 0 0 49 84 72 3 NA 9 -2 12 312 0 1 0.104723446 0.89527655 1.0 1.0 0.008684184 6.8473935 3.1416209 0.008684184 0.008684184 0.008684184 0.19421124 0.008684184 0.008684184 0.11261386 0.008684184 0.25271976 0.080333136 0.11261386 0.008684184 0.080333136 0.008684184 0.080333136 0.008684184 0.008684184 0.008684184 6.8473935 3.1416209 1.5994262
1002 6 1 "schell96-6_with_probe" NA NA NA 1 NA NA 1 72 72 0 37 64 96 4 NA 0 0 12 72 0 0 0.5 0.5 1.0 1.0 0.05882352 4.0874634 4.0874624 0.05882352 0.05882352 0.05882352 0.05882352 0.05882352 0.05882352 0.05882352 0.05882352 0.05882352 0.05882352 0.05882352 0.05882352 0.05882352 0.05882352 0.05882352 0.05882352 0.05882352 0.05882352 4.0874634 4.0874624 NA
1002 6 2 "schell96-6_with_probe" NA NA NA 1 NA NA 0 12 0 0 38 65 96 4 NA 0 0 12 84 0 0 0.23835647 0.7616435 1.0 1.0 0.046393145 4.4299445 3.7924309 0.046393145 0.046393145 0.046393145 0.046393145 0.046393145 0.25770965 0.046393145 0.046393145 0.046393145 0.046393145 0.046393145 0.046393145 0.046393145 0.046393145 0.046393145 0.046393145 0.046393145 0.046393145 4.4299445 3.7924309 0.19696563
1002 6 3 "schell96-6_with_probe" NA NA NA 1 NA NA 0 12 0 0 39 67 96 4 NA 0 0 24 96 0 0 0.27973604 0.7202639 1.0 0.99999994 0.04432982 4.495579 3.8529336 0.04432982 0.04432982 0.04432982 0.04432982 0.04432982 0.1675262 0.1675262 0.04432982 0.04432982 0.04432982 0.04432982 0.04432982 0.04432982 0.04432982 0.04432982 0.04432982 0.04432982 0.04432982 4.495579 3.8529336 0.1198663
1002 6 4 "schell96-6_with_probe" NA NA NA 1 NA NA 0 24 0 0 39 67 96 4 NA 0 0 24 120 0 0 0.3266956 0.6733044 1.0 1.0 0.126526 2.982494 3.9215257 0.044315845 0.044315845 0.044315845 0.044315845 0.044315845 0.126526 0.126526 0.044315845 0.126526 0.044315845 0.044315845 0.044315845 0.044315845 0.044315845 0.044315845 0.044315845 0.044315845 0.126526 2.982494 3.9215257 0.06888766
1002 6 5 "schell96-6_with_probe" NA NA NA 1 NA NA 0 24 0 0 39 67 96 4 NA 0 0 24 144 0 1 0.072574 0.927426 1.0 1.0 0.4323453 1.2097441 3.0231466 0.02313486 0.02313486 0.02313486 0.02313486 0.02313486 0.121883385 0.121883385 0.02313486 0.4323453 0.02313486 0.02313486 0.02313486 0.02313486 0.02313486 0.02313486 0.02313486 0.02313486 0.4323453 1.2097441 3.0231466 0.37115222
1002 6 6 "schell96-6_with_probe" NA NA NA 1 NA NA 0 24 0 0 39 67 96 4 NA 0 0 8 168 0 1 0.0051691993 0.99483085 1.0 1.0 0.6975781 0.5195734 1.9467343 0.011681317 0.011681317 0.011681317 0.011681317 0.011681317 0.069441736 0.069441736 0.011681317 0.6975781 0.011681317 0.011681317 0.011681317 0.011681317 0.011681317 0.011681317 0.011681317 0.011681317 0.6975781 0.5195734 1.9467343 0.21876566
1002 6 7 "schell96-6_with_probe" NA NA NA 1 NA NA 0 8 0 0 40 69 96 4 NA 0 0 8 176 0 1 0.0013814701 0.9986185 1.0 0.99999994 0.0089732185 6.800159 1.6009899 0.0089732185 0.0089732185 0.0089732185 0.0089732185 0.0089732185 0.053706203 0.053706203 0.0089732185 0.76696265 0.0089732185 0.0089732185 0.0089732185 0.0089732185 0.0089732185 0.0089732185 0.0089732185 0.0089732185 0.0089732185 6.800159 1.6009899 0.018283578
1002 6 8 "schell96-6_with_probe" NA NA NA 1 NA NA 0 8 0 0 41 71 96 4 NA 0 0 8 184 0 0 0.27693126 0.7230688 1.0 1.0 0.037880562 4.7223983 3.8237846 0.037880562 0.037880562 0.037880562 0.037880562 0.037880562 0.112391636 0.112391636 0.037880562 0.17037764 0.112391636 0.037880562 0.037880562 0.037880562 0.037880562 0.037880562 0.037880562 0.037880562 0.037880562 4.7223983 3.8237846 1.2750989
1002 6 9 "schell96-6_with_probe" NA NA NA 1 NA NA 0 8 0 0 42 72 96 4 NA 0 0 24 192 0 0 0.33660665 0.6633934 1.0 1.0 0.04046752 4.627092 3.9258435 0.04046752 0.04046752 0.04046752 0.04046752 0.04046752 0.09465727 0.09465727 0.04046752 0.13576066 0.09465727 0.04046752 0.09465727 0.04046752 0.04046752 0.04046752 0.04046752 0.04046752 0.04046752 4.627092 3.9258435 0.0459897
1002 6 10 "schell96-6_with_probe" NA NA NA 1 NA NA 0 24 0 0 39 67 96 4 NA 0 0 24 216 0 0 0.3806071 0.619393 1.0 1.0 0.1149006 3.121542 3.983456 0.04240188 0.04240188 0.04240188 0.04240188 0.04240188 0.08373572 0.08373572 0.04240188 0.1149006 0.08373572 0.04240188 0.08373572 0.08373572 0.04240188 0.04240188 0.04240188 0.04240188 0.1149006 3.121542 3.983456 0.027202543
1002 6 11 "schell96-6_with_probe" NA NA NA 1 NA NA 0 24 0 0 43 74 96 4 NA 0 0 24 240 0 1 0.078308105 0.9216919 1.0 1.0 0.018690413 5.741558 3.0544891 0.018690413 0.018690413 0.018690413 0.018690413 0.018690413 0.05144909 0.05144909 0.018690413 0.389848 0.19876115 0.018690413 0.05144909 0.05144909 0.018690413 0.018690413 0.018690413 0.018690413 0.018690413 5.741558 3.0544891 0.47964996
1002 6 12 "schell96-6_with_probe" NA NA NA 1 NA NA 0 24 0 0 38 65 96 4 NA 0 0 24 264 0 0 0.3856462 0.61435384 1.0 1.0 0.07558055 3.725841 3.9926336 0.04230754 0.04230754 0.04230754 0.04230754 0.04230754 0.07558055 0.07558055 0.04230754 0.123441234 0.07558055 0.04230754 0.07558055 0.07558055 0.04230754 0.07558055 0.04230754 0.04230754 0.07558055 3.725841 3.9926336 0.5519002
1002 6 13 "schell96-6_with_probe" NA NA NA 1 NA NA 0 24 0 0 37 64 96 4 NA 0 0 12 288 0 1 0.16852656 0.8314734 1.0 1.0 0.06467354 3.9506805 3.5434012 0.027205275 0.027205275 0.027205275 0.027205275 0.027205275 0.06467354 0.09792973 0.027205275 0.30664968 0.06467354 0.027205275 0.06467354 0.06467354 0.027205275 0.06467354 0.027205275 0.027205275 0.06467354 3.9506805 3.5434012 0.1641822
1002 6 14 "schell96-6_with_probe" NA NA NA 1 NA NA 0 12 0 0 37 64 96 4 NA 0 0 12 300 0 1 0.15532912 0.84467083 1.0 1.0 0.09582194 3.3835003 3.469278 0.023058617 0.023058617 0.023058617 0.023058617 0.023058617 0.09582194 0.29933876 0.023058617 0.1278883 0.06159121 0.023058617 0.06159121 0.06159121 0.023058617 0.06159121 0.023058617 0.023058617 0.09582194 3.3835003 3.469278 0.27549344
1002 6 15 "schell96-6_with_probe" NA NA NA 1 NA NA 0 12 0 0 37 64 96 4 NA 0 0 12 312 0 1 0.16372745 0.83627254 1.0 1.0 0.22747983 2.1361895 3.4796538 0.02192817 0.02192817 0.02192817 0.02192817 0.02192817 0.22747983 0.20166449 0.02192817 0.11956459 0.05800233 0.02192817 0.05800233 0.05800233 0.02192817 0.05800233 0.02192817 0.02192817 0.22747983 2.1361895 3.4796538 0.10152815
1002 6 16 "schell96-6_with_probe" NA NA NA 1 NA NA 0 12 0 0 35 60 96 4 NA 0 0 12 324 0 2 0.029897476 0.97010255 1.0 1.0 0.010602682 6.5594273 2.5672352 0.010602682 0.010602682 0.010602682 0.010602682 0.010602682 0.5063514 0.18070637 0.010602682 0.07583945 0.032768987 0.010602682 0.032768987 0.032768987 0.010602682 0.032768987 0.010602682 0.010602682 0.010602682 6.5594273 2.5672352 0.268859
1002 6 17 "schell96-6_with_probe" NA NA NA 1 NA NA 0 12 0 0 36 62 96 4 NA 0 0 24 336 0 0 0.35181093 0.648189 1.0 1.0 0.036472365 4.7770524 3.9413762 0.036472365 0.06887668 0.036472365 0.036472365 0.036472365 0.11650726 0.09435068 0.036472365 0.11650726 0.06887668 0.036472365 0.06887668 0.06887668 0.036472365 0.06887668 0.036472365 0.036472365 0.036472365 4.7770524 3.9413762 0.8565912
1002 6 18 "schell96-6_with_probe" NA NA NA 1 NA NA 0 24 0 0 37 64 96 4 NA 0 0 12 360 0 0 0.39316285 0.60683715 1.0 1.0 0.1031645 3.2769816 3.996207 0.03953747 0.06529452 0.03953747 0.06529452 0.03953747 0.1031645 0.08560398 0.03953747 0.1031645 0.06529452 0.03953747 0.06529452 0.06529452 0.03953747 0.06529452 0.03953747 0.03953747 0.1031645 3.2769816 3.996207 0.016055984
1002 6 19 "schell96-6_with_probe" NA NA NA 1 NA NA 0 12 0 0 36 62 96 4 NA 0 0 12 372 0 1 0.17618906 0.82381094 1.0 1.0 0.0434439 4.5247025 3.5340533 0.021986825 0.13083859 0.021986825 0.0434439 0.021986825 0.24866451 0.14654586 0.021986825 0.080837086 0.0434439 0.021986825 0.0434439 0.0434439 0.021986825 0.0434439 0.021986825 0.021986825 0.0434439 4.5247025 3.5340533 0.23316494
1002 6 20 "schell96-6_with_probe" NA NA NA 1 NA NA 0 12 0 0 35 60 96 4 NA 0 0 24 384 0 1 0.17773746 0.8222625 1.0 0.99999994 0.051912043 4.267787 3.5712345 0.024437506 0.051912043 0.024437506 0.076402634 0.024437506 0.29286197 0.076402634 0.024437506 0.0992726 0.051912043 0.024437506 0.051912043 0.051912043 0.024437506 0.051912043 0.024437506 0.024437506 0.051912043 4.267787 3.5712345 0.12270139
1002 6 21 "schell96-6_with_probe" NA NA NA 1 NA NA 0 24 0 0 40 69 96 4 NA 0 0 24 408 0 1 0.17732821 0.8226717 1.0 1.0 0.04900455 4.3509407 3.5462952 0.021007389 0.07372321 0.021007389 0.2731234 0.021007389 0.11861538 0.07372321 0.021007389 0.09673722 0.04900455 0.021007389 0.04900455 0.04900455 0.021007389 0.04900455 0.021007389 0.021007389 0.04900455 4.3509407 3.5462952 0.28274918
1002 6 22 "schell96-6_with_probe" NA NA NA 1 NA NA 0 24 0 0 49 84 96 4 NA 0 0 24 432 0 1 0.17465585 0.82534415 1.0 0.99999994 0.017587276 5.8293242 3.5181675 0.017587276 0.0718212 0.017587276 0.0718212 0.017587276 0.117636696 0.0718212 0.017587276 0.09531881 0.0718212 0.017587276 0.26601312 0.046524163 0.017587276 0.046524163 0.017587276 0.017587276 0.017587276 5.8293242 3.5181675 0.4391748
1002 7 1 "schell96-7_with_probe" NA NA NA 1 NA NA 1 0 0 0 43 74 72 3 NA 0 1 18 0 0 0 0.5 0.5 1.0 1.0 0.05882352 4.0874634 4.0874624 0.05882352 0.05882352 0.05882352 0.05882352 0.05882352 0.05882352 0.05882352 0.05882352 0.05882352 0.05882352 0.05882352 0.05882352 0.05882352 0.05882352 0.05882352 0.05882352 0.05882352 0.05882352 4.0874634 4.0874624 NA
1002 7 2 "schell96-7_with_probe" NA NA NA 1 NA NA 0 18 0 0 41 71 72 3 NA 0 1 6 18 0 0 0.23835647 0.7616435 1.0 1.0 0.046393145 4.4299445 3.792431 0.046393145 0.046393145 0.046393145 0.046393145 0.046393145 0.046393145 0.046393145 0.046393145 0.046393145 0.046393145 0.046393145 0.046393145 0.046393145 0.046393145 0.25770965 0.046393145 0.046393145 0.046393145 4.4299445 3.792431 0.19696566
1002 7 3 "schell96-7_with_probe" NA NA NA 1 NA NA 0 6 0 0 42 72 72 3 NA 0 1 12 24 0 0 0.27973616 0.7202638 1.0 1.0 0.04432983 4.4955783 3.8529348 0.04432983 0.04432983 0.04432983 0.04432983 0.04432983 0.04432983 0.04432983 0.04432983 0.04432983 0.04432983 0.04432983 0.16752623 0.04432983 0.04432983 0.16752623 0.04432983 0.04432983 0.04432983 4.4955783 3.8529348 0.119865894
1002 7 4 "schell96-7_with_probe" NA NA NA 1 NA NA 0 12 0 0 42 72 72 3 NA 0 1 12 36 0 0 0.326696 0.67330396 1.0 1.0 0.12652597 2.9824946 3.9215264 0.044315856 0.044315856 0.044315856 0.044315856 0.044315856 0.044315856 0.044315856 0.044315856 0.044315856 0.044315856 0.044315856 0.12652597 0.12652597 0.044315856 0.12652597 0.044315856 0.044315856 0.12652597 2.9824946 3.9215264 0.06888825
1002 7 5 "schell96-7_with_probe" NA NA NA 1 NA NA 0 12 0 0 43 74 72 3 NA 0 1 18 48 0 1 0.07257388 0.9274261 1.0 1.0 0.12188336 3.036427 3.0231452 0.02313485 0.02313485 0.02313485 0.02313485 0.02313485 0.02313485 0.02313485 0.02313485 0.02313485 0.02313485 0.02313485 0.12188336 0.43234533 0.02313485 0.12188336 0.02313485 0.02313485 0.12188336 3.036427 3.0231452 0.3711527
1002 7 6 "schell96-7_with_probe" NA NA NA 1 NA NA 0 18 0 0 41 71 72 3 NA 0 1 6 66 0 1 0.04147594 0.95852405 1.0 1.0 0.38734046 1.3683258 2.7020297 0.014407435 0.014407435 0.014407435 0.014407435 0.014407435 0.014407435 0.014407435 0.014407435 0.014407435 0.014407435 0.014407435 0.38734046 0.20547771 0.014407435 0.20547771 0.014407435 0.014407435 0.38734046 1.3683258 2.7020297 0.39014116
1002 7 7 "schell96-7_with_probe" NA NA NA 1 NA NA 0 6 0 0 42 72 72 3 NA 0 1 24 72 0 1 0.034027103 0.96597296 1.0 0.99999994 0.45788985 1.1269275 2.6207037 0.014867582 0.014867582 0.014867582 0.014867582 0.014867582 0.014867582 0.014867582 0.014867582 0.014867582 0.014867582 0.014867582 0.11749892 0.45788985 0.014867582 0.216465 0.014867582 0.014867582 0.45788985 1.1269275 2.6207037 0.40446866
1002 7 8 "schell96-7_with_probe" NA NA NA 1 NA NA 0 24 0 0 43 74 72 3 NA 0 1 18 96 0 2 0.025146253 0.97485375 1.0 1.0 0.27516943 1.8616078 2.4865148 0.012676799 0.012676799 0.012676799 0.012676799 0.012676799 0.012676799 0.012676799 0.012676799 0.012676799 0.012676799 0.012676799 0.102107376 0.44524795 0.012676799 0.27516943 0.012676799 0.012676799 0.27516943 1.8616078 2.4865148 0.015227787
1002 7 9 "schell96-7_with_probe" NA NA NA 1 NA NA 0 18 0 0 42 72 72 3 NA 0 1 6 114 0 1 0.002905038 0.997095 1.0 1.0 0.11103822 3.1708717 1.7837486 0.006996011 0.006996011 0.006996011 0.006996011 0.006996011 0.006996011 0.006996011 0.006996011 0.006996011 0.006996011 0.006996011 0.6799795 0.11103822 0.006996011 0.11103822 0.006996011 0.006996011 0.11103822 3.1708717 1.7837486 1.1252422
1002 7 10 "schell96-7_with_probe" NA NA NA 1 NA NA 0 6 0 0 41 71 72 3 NA 0 1 12 120 0 1 0.019273818 0.98072624 1.0 1.0 0.09013368 3.4717896 2.378217 0.011050494 0.011050494 0.011050494 0.011050494 0.011050494 0.011050494 0.011050494 0.011050494 0.011050494 0.011050494 0.011050494 0.09013368 0.35862163 0.011050494 0.39653778 0.011050494 0.011050494 0.09013368 3.4717896 2.378217 1.5260638
1002 7 11 "schell96-7_with_probe" NA NA NA 1 NA NA 0 12 0 0 39 67 72 3 NA 0 1 12 132 0 1 0.007910657 0.99208933 1.0 1.0 0.006453019 7.27581 2.0669587 0.006453019 0.006453019 0.006453019 0.006453019 0.006453019 0.006453019 0.006453019 0.006453019 0.006453019 0.006453019 0.006453019 0.19468255 0.5202926 0.006453019 0.19468255 0.006453019 0.006453019 0.006453019 7.27581 2.0669587 0.23437609
1002 7 12 "schell96-7_with_probe" NA NA NA 1 NA NA 0 12 0 0 42 72 72 3 NA 0 1 18 144 0 0 0.08512423 0.91487575 1.0 0.99999994 0.27980414 1.8375108 3.0624335 0.016546424 0.016546424 0.016546424 0.016546424 0.016546424 0.016546424 0.016546424 0.016546424 0.11089688 0.016546424 0.016546424 0.19709769 0.27980414 0.016546424 0.19709769 0.016546424 0.016546424 0.27980414 1.8375108 3.0624335 0.31824842
1002 7 13 "schell96-7_with_probe" NA NA NA 1 NA NA 0 18 0 0 41 71 72 3 NA 0 1 6 162 0 1 0.040066242 0.95993376 1.0 1.0 0.20179367 2.3090472 2.6723871 0.01038175 0.01038175 0.01038175 0.01038175 0.01038175 0.01038175 0.01038175 0.01038175 0.07641474 0.01038175 0.01038175 0.20179367 0.32375613 0.01038175 0.26307273 0.01038175 0.01038175 0.20179367 2.3090472 2.6723871 0.056542315
1002 7 14 "schell96-7_with_probe" NA NA NA 1 NA NA 0 6 0 0 40 69 72 3 NA 0 1 24 168 0 2 0.025939284 0.9740607 1.0 1.0 0.007990849 6.9674354 2.4851956 0.007990849 0.007990849 0.007990849 0.007990849 0.007990849 0.007990849 0.007990849 0.007990849 0.3609882 0.007990849 0.007990849 0.11173193 0.31166673 0.007990849 0.11173193 0.007990849 0.007990849 0.007990849 6.9674354 2.4851956 0.394673
1002 7 15 "schell96-7_with_probe" NA NA NA 1 NA NA 0 24 0 0 41 71 72 3 NA 0 1 18 192 0 0 0.14274058 0.8572594 1.0 1.0 0.15041494 2.7329803 3.3840373 0.021510635 0.021510635 0.021510635 0.021510635 0.021510635 0.021510635 0.021510635 0.021510635 0.09033992 0.09033992 0.021510635 0.15041494 0.26036274 0.021510635 0.15041494 0.021510635 0.021510635 0.15041494 2.7329803 3.3840373 0.5415161
1002 7 16 "schell96-7_with_probe" NA NA NA 1 NA NA 0 18 0 0 42 72 72 3 NA 0 1 6 210 0 1 0.09740069 0.9025993 1.0 0.99999994 0.27272528 1.8744797 3.122742 0.013924433 0.013924433 0.013924433 0.013924433 0.013924433 0.013924433 0.013924433 0.013924433 0.15075505 0.15075505 0.013924433 0.15075503 0.27272528 0.013924433 0.10791643 0.013924433 0.013924433 0.27272528 1.8744797 3.122742 0.08261532
1002 7 17 "schell96-7_with_probe" NA NA NA 1 NA NA 0 6 0 0 43 74 72 3 NA 0 1 24 216 0 2 0.02857054 0.97142947 1.0 0.99999994 0.3049841 1.7131941 2.5222433 0.0074313604 0.0074313604 0.0074313604 0.0074313604 0.0074313604 0.0074313604 0.0074313604 0.0074313604 0.03778299 0.03778299 0.0074313604 0.2393216 0.29095194 0.0074313604 0.3049841 0.0074313604 0.0074313604 0.3049841 1.7131941 2.5222433 0.46559072
1002 7 18 "schell96-7_with_probe" NA NA NA 1 NA NA 0 24 0 0 37 64 72 3 NA 0 1 18 240 0 3 0.03286696 0.9671331 1.0 1.0 0.010458385 6.5791965 2.5987444 0.010458385 0.010458385 0.010458385 0.010458385 0.010458385 0.010458385 0.010458385 0.010458385 0.052792124 0.052792124 0.010458385 0.22711854 0.44796297 0.010458385 0.09383359 0.010458385 0.010458385 0.010458385 6.5791965 2.5987444 0.2751392
1002 7 19 "schell96-7_with_probe" NA NA NA 1 NA NA 0 18 0 0 49 84 72 3 NA 0 1 6 258 0 0 0.20565076 0.79434925 1.0 1.0 0.025897413 5.271048 3.6192994 0.025897413 0.025897413 0.025897413 0.025897413 0.025897413 0.0778937 0.025897413 0.025897413 0.0778937 0.0778937 0.025897413 0.16128932 0.19866276 0.025897413 0.12149526 0.025897413 0.025897413 0.025897413 5.271048 3.6192994 0.36262164
1002 8 1 "schell96-8_with_probe" NA NA NA 1 NA NA 1 84 84 0 36 62 96 4 NA 9 -1 12 84 0 0 0.5 0.5 1.0 1.0 0.05882352 4.0874634 4.0874624 0.05882352 0.05882352 0.05882352 0.05882352 0.05882352 0.05882352 0.05882352 0.05882352 0.05882352 0.05882352 0.05882352 0.05882352 0.05882352 0.05882352 0.05882352 0.05882352 0.05882352 0.05882352 4.0874634 4.0874624 NA
1002 8 2 "schell96-8_with_probe" NA NA NA 1 NA NA 0 12 0 0 36 62 96 4 NA 9 -1 24 96 0 0 0.23835647 0.7616435 1.0 1.0 0.25770962 1.9561818 3.7924309 0.046393137 0.046393137 0.046393137 0.25770962 0.046393137 0.046393137 0.046393137 0.046393137 0.046393137 0.046393137 0.046393137 0.046393137 0.046393137 0.046393137 0.046393137 0.046393137 0.046393137 0.25770962 1.9561818 3.7924309 0.19696607
1002 8 3 "schell96-8_with_probe" NA NA NA 1 NA NA 0 24 0 0 36 62 96 4 NA 9 -1 12 120 0 1 0.23835647 0.7616435 1.0 1.0 0.25770962 1.9561818 3.7924309 0.046393137 0.046393137 0.046393137 0.25770962 0.046393137 0.046393137 0.046393137 0.046393137 0.046393137 0.046393137 0.046393137 0.046393137 0.046393137 0.046393137 0.046393137 0.046393137 0.046393137 0.25770962 1.9561818 3.7924309 0.0
1002 8 4 "schell96-8_with_probe" NA NA NA 1 NA NA 0 12 0 0 37 64 96 4 NA 9 -1 12 132 0 1 0.011100347 0.98889965 1.0 1.0 0.020142775 5.6335936 2.1959853 0.020142775 0.020142775 0.020142775 0.67771584 0.020142775 0.020142775 0.020142775 0.020142775 0.020142775 0.020142775 0.020142775 0.020142775 0.020142775 0.020142775 0.020142775 0.020142775 0.020142775 0.020142775 5.6335936 2.1959853 0.53396857
1002 8 5 "schell96-8_with_probe" NA NA NA 1 NA NA 0 12 0 0 38 65 96 4 NA 9 -1 24 144 0 0 0.09597091 0.9040291 1.0 1.0 0.028375508 5.1392097 3.1883752 0.028375508 0.028375508 0.028375508 0.36754057 0.028375508 0.20682673 0.028375508 0.028375508 0.028375508 0.028375508 0.028375508 0.028375508 0.028375508 0.028375508 0.028375508 0.028375508 0.028375508 0.028375508 5.1392097 3.1883752 0.38121647
1002 8 6 "schell96-8_with_probe" NA NA NA 1 NA NA 0 24 0 0 37 64 96 4 NA 9 -1 12 168 0 0 0.19651587 0.8034841 1.0 1.0 0.14397585 2.796101 3.6237063 0.03412381 0.03412381 0.03412381 0.2343149 0.03412381 0.14397585 0.14397585 0.03412381 0.03412381 0.03412381 0.03412381 0.03412381 0.03412381 0.03412381 0.03412381 0.03412381 0.03412381 0.14397585 2.796101 3.6237063 0.17457783
1002 8 7 "schell96-8_with_probe" NA NA NA 1 NA NA 0 12 0 0 37 64 96 4 NA 9 -1 12 180 0 1 0.041475914 0.9585241 1.0 0.99999994 0.20547767 2.2829466 2.7020302 0.014407434 0.014407434 0.014407434 0.20547767 0.014407434 0.20547767 0.38734043 0.014407434 0.014407434 0.014407434 0.014407434 0.014407434 0.014407434 0.014407434 0.014407434 0.014407434 0.014407434 0.20547767 2.2829466 2.7020302 0.35923183
1002 8 8 "schell96-8_with_probe" NA NA NA 1 NA NA 0 12 0 0 36 62 96 4 NA 9 -1 12 192 0 1 0.036202762 0.9637973 1.0 0.99999994 0.19394664 2.3662684 2.6383262 0.013401539 0.013401539 0.013401539 0.19394664 0.013401539 0.39535633 0.22307523 0.013401539 0.013401539 0.013401539 0.013401539 0.013401539 0.013401539 0.013401539 0.013401539 0.013401539 0.013401539 0.19394664 2.3662684 2.6383262 0.15252618
1002 8 9 "schell96-8_with_probe" NA NA NA 1 NA NA 0 12 0 0 35 60 96 4 NA 9 -1 12 204 0 1 0.0151818665 0.98481816 1.0 1.0 0.010146275 6.622906 2.2893214 0.010146275 0.010146275 0.010146275 0.4403731 0.010146275 0.33409268 0.083486296 0.010146275 0.010146275 0.010146275 0.010146275 0.010146275 0.010146275 0.010146275 0.010146275 0.010146275 0.010146275 0.010146275 6.622906 2.2893214 0.2582053
1002 8 10 "schell96-8_with_probe" NA NA NA 1 NA NA 0 12 0 0 36 62 96 4 NA 9 -1 12 216 0 0 0.12233152 0.8776685 1.0 0.99999994 0.24641736 2.0208242 3.299233 0.022879843 0.10486366 0.022879843 0.24641736 0.022879843 0.24641736 0.10486366 0.022879843 0.022879843 0.022879843 0.022879843 0.022879843 0.022879843 0.022879843 0.022879843 0.022879843 0.022879843 0.24641736 2.0208242 3.299233 0.2991973
1002 8 11 "schell96-8_with_probe" NA NA NA 1 NA NA 0 12 0 0 37 64 96 4 NA 9 -1 12 228 0 1 0.050051518 0.94994855 1.0 1.0 0.24644046 2.020689 2.7899482 0.0135309715 0.14212087 0.0135309715 0.3652364 0.0135309715 0.24644046 0.07029938 0.0135309715 0.0135309715 0.0135309715 0.0135309715 0.0135309715 0.0135309715 0.0135309715 0.0135309715 0.0135309715 0.0135309715 0.24644046 2.020689 2.7899482 0.0999764
1002 8 12 "schell96-8_with_probe" NA NA NA 1 NA NA 0 12 0 0 36 62 96 4 NA 9 -1 24 240 0 2 0.056313973 0.94368607 1.0 1.0 0.26952657 1.8915006 2.8395317 0.013257526 0.068134524 0.013257526 0.26952657 0.013257526 0.22046423 0.2695266 0.013257526 0.013257526 0.013257526 0.013257526 0.013257526 0.013257526 0.013257526 0.013257526 0.013257526 0.013257526 0.26952657 1.8915006 2.8395317 0.21934582
1002 8 13 "schell96-8_with_probe" NA NA NA 1 NA NA 0 24 0 0 37 64 96 4 NA 9 -1 12 264 0 2 0.025173346 0.9748267 1.0 0.99999994 0.24986248 2.000794 2.4714231 0.008108595 0.31717163 0.008108595 0.28356874 0.008108595 0.24986248 0.043985497 0.008108595 0.008108595 0.008108595 0.008108595 0.008108595 0.008108595 0.008108595 0.008108595 0.008108595 0.008108595 0.24986248 2.000794 2.4714231 0.6164054
1002 8 14 "schell96-8_with_probe" NA NA NA 1 NA NA 0 12 0 0 37 64 96 4 NA 9 -1 12 276 0 2 0.036602948 0.9633971 1.0 1.0 0.20930047 2.2563524 2.6383276 0.011029195 0.05865398 0.011029195 0.38922754 0.011029195 0.20930047 0.19943827 0.011029195 0.011029195 0.011029195 0.011029195 0.011029195 0.011029195 0.011029195 0.011029195 0.011029195 0.011029195 0.20930047 2.2563524 2.6383276 0.56388104
1002 8 15 "schell96-8_with_probe" NA NA NA 1 NA NA 0 12 0 0 38 65 96 4 NA 9 -1 24 288 0 2 0.016543536 0.9834565 1.0 0.99999994 0.117357254 3.091021 2.318465 0.008182297 0.04505472 0.008182297 0.47131592 0.008182297 0.25990236 0.117357254 0.008182297 0.008182297 0.008182297 0.008182297 0.008182297 0.008182297 0.008182297 0.008182297 0.008182297 0.008182297 0.117357254 3.091021 2.318465 0.063816406
1002 8 16 "schell96-8_with_probe" NA NA NA 1 NA NA 0 24 0 0 37 64 96 4 NA 9 -1 12 312 0 1 0.038830604 0.9611694 1.0 1.0 0.43242398 1.2094816 2.67904 0.013805091 0.07313325 0.013805091 0.24184316 0.013805091 0.43242398 0.07313325 0.013805091 0.013805091 0.013805091 0.013805091 0.013805091 0.013805091 0.013805091 0.013805091 0.013805091 0.013805091 0.43242398 1.2094816 2.67904 0.23112535
1002 8 17 "schell96-8_with_probe" NA NA NA 1 NA NA 0 12 0 0 37 64 96 4 NA 9 -1 12 324 0 2 0.008942507 0.9910575 1.0 1.0 0.4521317 1.1451851 2.1026082 0.004758561 0.026550133 0.004758561 0.26160657 0.004758561 0.4521317 0.19785038 0.004758561 0.004758561 0.004758561 0.004758561 0.004758561 0.004758561 0.004758561 0.004758561 0.004758561 0.004758561 0.4521317 1.1451851 2.1026082 0.22245894
1002 8 18 "schell96-8_with_probe" NA NA NA 1 NA NA 0 12 0 0 36 62 96 4 NA 9 -1 24 336 0 3 0.0075705466 0.99242944 1.0 1.0 0.45775047 1.1273668 2.0500352 0.004198492 0.023481067 0.004198492 0.45775047 0.004198492 0.21323553 0.25095284 0.004198492 0.004198492 0.004198492 0.004198492 0.004198492 0.004198492 0.004198492 0.004198492 0.004198492 0.004198492 0.45775047 1.1273668 2.0500352 0.22710206
1002 8 19 "schell96-8_with_probe" NA NA NA 1 NA NA 0 24 0 0 42 72 96 4 NA 9 -1 12 360 0 3 0.017128497 0.9828715 1.0 1.0 0.0064443047 7.2777596 2.3229141 0.0064443047 0.31514794 0.0064443047 0.23207502 0.0064443047 0.33355272 0.035448704 0.0064443047 0.0064443047 0.0064443047 0.0064443047 0.0064443047 0.0064443047 0.0064443047 0.0064443047 0.0064443047 0.0064443047 0.0064443047 7.2777596 2.3229141 0.8978287
1002 8 20 "schell96-8_with_probe" NA NA NA 1 NA NA 0 12 0 0 49 84 96 4 NA 9 -1 12 372 0 0 0.17360155 0.82639843 1.0 0.99999994 0.026392002 5.2437553 3.5250347 0.026392002 0.08725133 0.026392002 0.233685 0.026392002 0.18785675 0.08725133 0.026392002 0.026392002 0.026392002 0.026392002 0.026392002 0.08725133 0.026392002 0.026392002 0.026392002 0.026392002 0.026392002 5.2437553 3.5250347 0.63027996
