rating
#fragment1
2.15
1.85
2.75
4.80
3.25
4.55
5.15
5.50
5.95
3.50
3.20
2.15
2.15
1.75
1.45
#fragment2
1.55
1.70
2.00
2.35
3.40
4.10
5.70
5.75
5.80
5.30
2.85
5.25
3.15
2.50
2.80
#fragment3
1.85
1.65
3.55
2.45
5.00
5.40
5.00
5.85
5.85
5.20
2.75
3.15
3.15
1.55
2.20
#fragment4
2.65
1.80
4.15
3.60
4.95
6.05
6.15
5.20
6.00
5.35
3.80
3.25
3.35
2.25
2.30
#fragment5
4.45
4.40
5.40 
5.45
5.55
4.15
5.80
5.35
3.60
4.95
2.85
3.15
1.85
2.15
2.70
#fragment6
1.75
2.05
2.40
2.65
3.35
5.00
3.80
5.35
6.40
4.55
4.45
4.20
4.65
3.15
2.65
#fragment7
3.70
4.10
5.15
4.80
4.60
4.95
4.80
4.35
4.25
3.05
2.90
2.20
2.05
1.60
2.00
#fragment8
2.35
1.80
2.40
2.85
3.85
3.80
5.25
5.20
4.45
5.10
4.60
4.10
4.15
4.95
4.40
				
